4.675428	
4.947842	
0.324130	
0.053072	
0.000000	
0.000000	
4.534566	
3.996609	
4.526982	
6.389453	
1.568147	
2.117068	
0.039857	
0.000000	
1.012395	
1.168915	
0.395796	
0.751028	
0.572615	
1.074563	
2.633138	
5.117516	
0.040922	
1.478031	
2.671427	
1.918175	
0.000000	
0.026800	
0.552219	
2.330806	
0.139785	
3.504003	
0.108098	
1.760763	
0.000000	
0.891500	
4.618752	
6.568290	
3.998008	
6.822826	
0.000000	
0.000000	
0.021304	
0.009720	
0.000000	
0.025032	
0.000000	
0.000000	
0.177826	
0.110770	
1.806270	
2.160356	
0.953688	
2.422862	
3.223430	
5.153073	
0.002585	
3.661343	
0.369080	
2.263815	
7.414012	
8.126341	
4.268401	
6.302876	
0.073557	
1.987686	
0.125894	
1.935197	
0.001194	
0.001192	
1.238745	
3.583567	
2.832605	
4.298591	
0.000000	
0.828789	
0.313052	
0.431374	
0.065532	
0.018842	
0.000000	
0.000000	
0.000000	
0.000000	
0.000000	
0.000000	
0.000000	
0.009694	
0.000000	
0.000000	
0.000000	
0.000000	
0.000000	
0.000000	
0.000000	
0.000000	
0.000000	
0.000000	
0.000000	
0.000000	
0.000000	
0.000000	
0.021637	
0.002304	
1.101423	
0.540046	
0.028202	
0.081307	
0.000000	
0.000000	
0.021706	
0.000000	
0.000000	
0.000000	
0.000000	
0.000000	
0.000000	
0.000000	
0.083373	
0.062656	
0.000000	
0.000000	
0.000000	
0.000000	
0.425195	
1.636998	
0.973993	
0.001489	
2.445521	
4.151593	
3.281616	
6.281073	
0.854637	
0.195172	
0.000000	
0.000000	
0.811631	
0.094603	
3.083491	
4.510275	
0.217993	
0.876814	
0.000000	
0.000000	
5.386549	
7.317341	
0.138803	
0.001760	
0.087876	
0.275306	
0.417847	
0.611697	
0.000000	
0.000000	
0.041621	
0.850410	
5.345983	
6.659523	
0.669778	
3.134047	
0.566539	
3.376027	
5.347549	
6.836849	
3.250675	
3.201758	
8.488795	
9.046169	
6.174201	
7.081560	
5.990672	
7.184270	
7.643313	
8.489268	
0.566190	
0.836323	
2.533080	
1.850105	
2.151188	
5.459805	
0.304922	
0.300672	
6.726973	
7.628230	
0.698208	
3.073259	
0.000000	
0.028868	
0.299906	
0.084485	
3.245326	
2.372335	
0.090173	
0.716442	
2.930756	
1.055814	
2.724095	
2.763951	
0.000000	
0.000000	
0.000000	
0.000000	
0.000000	
0.000000	
0.001599	
0.000000	
0.159836	
0.222400	
0.010730	
0.000000	
0.149738	
0.273569	
0.229881	
0.558753	
0.000000	
0.016533	
0.007248	
0.000000	
2.684315	
2.270449	
2.927420	
2.709815	
0.824098	
0.860373	
3.883438	
3.929984	
2.492351	
2.662337	
2.322389	
3.655507	
3.449450	
5.321549	
2.651221	
4.186014	
1.549590	
2.759625	
2.853871	
2.553932	
1.720890	
2.737604	
1.094658	
2.010053	
2.470771	
3.361068	
3.969261	
5.432163	
