4.294371	
4.312700	
0.000948	
0.000000	
0.003569	
0.000000	
0.005151	
0.036945	
1.545868	
1.539805	
2.045082	
1.446641	
0.038954	
0.268108	
0.110987	
0.241701	
0.000000	
0.043422	
0.137948	
0.215439	
0.103827	
1.626930	
0.003468	
0.170067	
0.008225	
0.008609	
0.000000	
0.000000	
0.232421	
0.874429	
0.116526	
1.064915	
0.168518	
1.262428	
0.018773	
1.087946	
5.431767	
7.212131	
3.532826	
4.258077	
0.575774	
0.721394	
0.020455	
0.003817	
0.004472	
0.000000	
0.000000	
0.024810	
0.280365	
0.011656	
1.679062	
2.570344	
0.392026	
0.007917	
0.053442	
0.058124	
0.680312	
0.021644	
0.000000	
0.000000	
5.303522	
4.929415	
1.190690	
1.919408	
0.000000	
0.033847	
0.000000	
0.000000	
0.000000	
0.003054	
0.268143	
2.186466	
1.169442	
2.379595	
0.000000	
0.318007	
0.264666	
0.140903	
0.000000	
0.012536	
0.000000	
0.000000	
0.000000	
0.000000	
0.094219	
0.022002	
0.000000	
0.000000	
0.000000	
0.000000	
0.011118	
0.000000	
0.000000	
0.000000	
0.000000	
0.000000	
0.101394	
0.016644	
0.000000	
0.000000	
0.000000	
0.000000	
0.000000	
0.000000	
0.000972	
0.000000	
0.010188	
0.000000	
0.000000	
0.000000	
0.000000	
0.000000	
0.000000	
0.000000	
0.000000	
0.000000	
0.124067	
0.013296	
0.000000	
0.000000	
0.000000	
0.000000	
0.000000	
0.104549	
0.000000	
0.000000	
0.000000	
0.000000	
0.521782	
0.006573	
0.000000	
0.074132	
0.000000	
0.008260	
0.000000	
0.000000	
0.171416	
0.001734	
2.539279	
2.082974	
0.104074	
0.734128	
0.048708	
0.035000	
5.591923	
6.610062	
0.000000	
0.000000	
0.000000	
0.000000	
0.001978	
0.000000	
0.053069	
0.010027	
0.619687	
0.003731	
5.042822	
3.889118	
0.562068	
0.359863	
0.166920	
0.082864	
4.869917	
5.532947	
2.503834	
2.566416	
13.723229	
15.553357	
4.257197	
4.873578	
7.442622	
8.298555	
10.518025	
11.073587	
0.402401	
0.267616	
2.904571	
2.030992	
3.828215	
9.199927	
0.000000	
0.000000	
9.587723	
10.389184	
0.419566	
0.694716	
0.678631	
0.906342	
0.000000	
0.000000	
0.000000	
0.000000	
0.000000	
0.000000	
0.000000	
0.000000	
0.000000	
0.000000	
0.000000	
0.000000	
0.674626	
0.256128	
0.000000	
0.000000	
0.000000	
0.000000	
0.000000	
0.000000	
0.000000	
0.000000	
3.735471	
4.799362	
3.685854	
4.410764	
1.362759	
1.033851	
0.076563	
0.000000	
1.461260	
2.086342	
2.022589	
1.185128	
0.334828	
0.495057	
2.791002	
4.463217	
0.186977	
0.347137	
1.450526	
1.747991	
7.745114	
6.648163	
1.667972	
7.169762	
2.330792	
3.365211	
2.161925	
2.887524	
3.229920	
1.645901	
1.463039	
0.556590	
1.517617	
1.150027	
7.504080	
8.635284	
