2.597402	
2.957908	
0.000991	
0.000000	
0.000000	
0.000000	
0.606917	
1.251346	
0.169599	
1.235971	
0.886868	
1.344652	
0.000000	
0.000000	
0.000000	
0.009289	
0.079767	
0.431724	
0.000000	
0.068886	
0.801978	
3.357855	
0.009753	
0.657501	
2.167826	
2.074352	
0.000000	
0.000000	
0.376771	
2.653002	
0.000000	
2.252315	
0.000000	
0.601526	
0.000000	
0.244688	
2.336752	
4.610828	
0.512701	
5.352388	
0.000000	
0.000000	
0.000000	
0.000000	
0.000000	
0.000000	
0.000000	
0.000000	
0.000000	
0.057746	
1.041943	
1.357078	
0.162513	
0.790626	
0.681947	
1.717949	
0.000000	
0.101213	
0.000000	
0.289516	
3.868145	
5.613033	
2.988292	
5.774934	
0.000000	
0.000000	
0.000000	
0.000000	
0.000000	
0.000000	
0.257901	
0.946777	
0.952699	
2.467002	
0.000000	
0.359096	
0.003437	
0.100612	
0.003766	
0.002432	
0.000000	
0.000000	
0.000000	
0.000000	
0.000000	
0.000000	
0.000000	
0.000000	
0.000000	
0.000000	
0.000000	
0.000000	
0.000000	
0.000000	
0.000000	
0.000000	
0.000000	
0.000000	
0.000000	
0.000000	
0.000000	
0.000000	
0.000000	
0.000000	
0.021540	
0.000000	
0.000000	
0.000000	
0.000000	
0.000000	
0.000000	
0.000000	
0.000000	
0.000000	
0.000000	
0.000000	
0.000000	
0.000000	
0.000000	
0.000000	
0.000000	
0.000000	
0.000000	
0.000000	
0.000000	
0.139998	
0.000000	
0.000000	
0.872094	
1.491149	
0.000000	
2.962804	
0.433037	
0.124826	
0.000000	
0.000000	
0.983142	
0.174171	
1.596814	
3.870372	
0.000000	
0.221528	
0.000000	
0.000000	
1.828709	
4.475506	
0.000000	
0.000000	
0.000000	
0.000000	
0.000000	
0.000000	
0.000000	
0.000000	
0.000826	
0.000886	
3.253742	
4.669306	
0.140089	
0.873551	
0.000000	
0.258369	
1.443311	
3.030342	
1.089895	
1.909516	
6.622292	
7.983840	
1.961444	
4.487045	
2.750269	
4.481063	
3.294810	
5.955183	
0.000000	
0.003930	
0.000000	
0.063383	
0.082576	
1.757342	
0.000000	
0.000000	
1.115426	
2.876459	
0.000000	
0.042350	
0.000000	
0.000000	
0.000000	
0.000000	
0.000000	
0.000000	
0.000000	
0.000000	
0.000000	
0.000000	
0.000000	
0.000000	
0.000000	
0.000000	
0.000000	
0.000000	
0.000000	
0.000000	
0.000000	
0.000000	
0.000000	
0.000000	
0.000000	
0.000000	
0.000000	
0.000000	
0.000000	
0.000000	
0.000000	
0.000000	
0.000000	
0.000000	
1.497972	
2.062136	
0.355075	
0.071416	
0.068775	
0.665236	
1.646419	
1.175721	
0.222264	
0.849407	
0.065581	
0.333816	
0.278880	
1.571140	
0.000000	
0.738441	
0.000000	
0.005333	
0.084017	
0.085277	
0.000000	
0.424745	
0.000000	
0.161294	
0.000000	
0.173934	
0.004551	
2.119688	
