2.848686	
2.098501	
0.744831	
1.086986	
0.137316	
0.318549	
0.292528	
0.117083	
2.256097	
1.798243	
2.288219	
2.433589	
2.404651	
2.880467	
0.485988	
1.001915	
1.494282	
0.944419	
0.578289	
0.462340	
0.822352	
0.657680	
0.598887	
1.216024	
0.829932	
0.298305	
0.004716	
0.000000	
3.349045	
1.976591	
1.875832	
1.552835	
0.636133	
0.739885	
1.102392	
0.205831	
2.191298	
2.705911	
2.073894	
1.156161	
3.808759	
5.061646	
0.152784	
0.400872	
0.001033	
0.081211	
0.325602	
0.558961	
0.253580	
0.036432	
1.470896	
2.038865	
1.118281	
0.069803	
0.842445	
0.485255	
0.930333	
0.487458	
0.000000	
0.000000	
0.682115	
0.758160	
2.480478	
1.664689	
0.000000	
0.000000	
0.161367	
0.319279	
0.000000	
0.000000	
1.112158	
0.910431	
1.378255	
0.443618	
0.159841	
0.058455	
0.200161	
0.049191	
0.172394	
0.116436	
0.591215	
0.146330	
0.262371	
0.079424	
0.159686	
0.019004	
1.195092	
0.503860	
0.000000	
0.000000	
0.484417	
0.000000	
0.000000	
0.000000	
0.075901	
0.000000	
1.196418	
0.122386	
0.104024	
0.000000	
0.000000	
0.000000	
0.225088	
0.145757	
0.184414	
0.038401	
0.193846	
0.005186	
0.000000	
0.022758	
0.411146	
0.000000	
2.369792	
2.105828	
0.403028	
0.127862	
0.057859	
0.000000	
0.304066	
0.712859	
0.327295	
0.206553	
0.056184	
0.005292	
0.039333	
0.096647	
0.464626	
0.593936	
1.408361	
0.062850	
0.000000	
0.000000	
2.587126	
1.144419	
0.328345	
0.934983	
3.107306	
1.694583	
1.330561	
1.034917	
1.852255	
1.177544	
3.662957	
2.911244	
1.253160	
0.893113	
0.373030	
0.767206	
0.000000	
0.067406	
1.859294	
1.594054	
5.058293	
4.575029	
1.247190	
0.714926	
0.855455	
0.350737	
1.103428	
0.129486	
0.000000	
0.000000	
0.852394	
0.624969	
1.259492	
1.895644	
7.373097	
7.161227	
0.143921	
0.314461	
1.288479	
2.126503	
2.569524	
3.470781	
7.083323	
6.150935	
0.262107	
1.212737	
3.060005	
5.523671	
3.175787	
2.086505	
2.694393	
3.957408	
0.755640	
0.883267	
5.229787	
5.070290	
0.000000	
0.001320	
0.211514	
0.388444	
0.051172	
0.038103	
0.002299	
0.044790	
0.270597	
0.281588	
0.000000	
0.007117	
1.677091	
0.277311	
0.000000	
0.000000	
0.054029	
0.000000	
0.002642	
0.000000	
0.167814	
0.238450	
3.990197	
3.323628	
5.290091	
4.492559	
3.554309	
2.781002	
1.836185	
1.328345	
2.387276	
2.275028	
2.072297	
0.722870	
1.353657	
1.045169	
2.442563	
2.830052	
0.748531	
1.387231	
0.830972	
1.069166	
5.152397	
4.429332	
0.000000	
2.504428	
0.838797	
2.337909	
1.581941	
3.115985	
1.535180	
0.987126	
1.106301	
0.460145	
0.612889	
0.623734	
2.789399	
4.802516	
